### DISK; f = (1 - |z|^2)^2; u = c - |z|^2

H = [1.09054966350711, 0.5452748317535664, 0.27263741587680074, 0.13631870793841352]
P1 = [0.03477691362734779, 0.02338168691349971, 0.016659629806299713, 0.009195136656679098]
P2 = [0.011254232877397602, 0.010635604310754585, 0.007442275127505301, 0.0038836525944530493]
K1 = [0.14940313592840326, 0.042370792114009626, 0.013815070141211328, 0.0028762194213114143]
K2 = [0.037925948522990506, 0.012388963998429548, 0.007699434973755648, 0.0039407072746303175]


### DISK; f = 1; u = -log(1 - |z|^2)

H = [1.09054966350711, 0.5452748317535664, 0.27263741587680074, 0.13631870793841352]
P1 = [0.06777894486635827, 0.048504008406235276, 0.03467772830955521, 0.01914928392928532]
P2 = [0.02709480618719783, 0.023396905349523534, 0.01590636199915189, 0.008103776160025432]
K1 = [0.19893978887401562, 0.06223406482560787, 0.02581511967490064, 0.004554938647610817]
K2 = [0.07529874951555983, 0.027354839176831798, 0.016470275208846863, 0.008229689705878144]